1.000000000000000036e-10 1.668100537200059207e-08 2.782559402207125977e-06 4.641588833612782196e-04 7.742636826811277739e-02 1.291549665014882642e+01 2.154434690031886475e+03 3.593813663804640528e+05 5.994842503189420700e+07 1.000000000000000000e+10
2.253100000000000946e+01 2.253100000000000946e+01 2.253100000000000946e+01 2.253100000000000946e+01 2.253100000000000946e+01 2.253100000000000236e+01 2.253100000000000236e+01 2.253100000000000236e+01 2.253100000000000236e+01 2.253100000000000236e+01
-9.568505833769083146e-01 -9.568505407439983346e-01 -9.568434197685461440e-01 -9.556562473530572088e-01 -7.510327545253359105e-01 -0.000000000000000000e+00 -0.000000000000000000e+00 -0.000000000000000000e+00 -0.000000000000000000e+00 -0.000000000000000000e+00
1.171571190988067723e+00 1.171571095299255516e+00 1.171555121834383817e+00 1.168888781668243615e+00 8.047625150469777111e-01 0.000000000000000000e+00 0.000000000000000000e+00 0.000000000000000000e+00 0.000000000000000000e+00 0.000000000000000000e+00
9.879277097052785450e-02 9.879260539398788954e-02 9.876498457276043641e-02 9.416292310883743466e-02 -4.524451842618785330e-02 -0.000000000000000000e+00 -0.000000000000000000e+00 -0.000000000000000000e+00 -0.000000000000000000e+00 -0.000000000000000000e+00
1.125784232649127636e+00 1.125784238300940210e+00 1.125785183321902361e+00 1.125943646955801514e+00 1.116132111386064718e+00 0.000000000000000000e+00 0.000000000000000000e+00 0.000000000000000000e+00 0.000000000000000000e+00 0.000000000000000000e+00
-2.353207169151899869e+00 -2.353207068313080796e+00 -2.353190235997745461e+00 -2.350388576273007235e+00 -2.059914376629377930e+00 -0.000000000000000000e+00 -0.000000000000000000e+00 -0.000000000000000000e+00 -0.000000000000000000e+00 -0.000000000000000000e+00
2.128643075654450989e+00 2.128643072219154053e+00 2.128642504014554682e+00 2.128550353461430067e+00 2.170065664174306352e+00 0.000000000000000000e+00 0.000000000000000000e+00 0.000000000000000000e+00 0.000000000000000000e+00 0.000000000000000000e+00
-3.616905711936937301e-02 -3.616903801407275743e-02 -3.616585832288968932e-02 -3.564028603667231815e-02 -0.000000000000000000e+00 -0.000000000000000000e+00 -0.000000000000000000e+00 -0.000000000000000000e+00 -0.000000000000000000e+00 -0.000000000000000000e+00
-3.021260101933801234e+00 -3.021259991149284563e+00 -3.021241500166514271e+00 -3.018157803846708287e+00 -2.444427494824576996e+00 0.000000000000000000e+00 0.000000000000000000e+00 0.000000000000000000e+00 0.000000000000000000e+00 0.000000000000000000e+00
3.034726142108685298e+00 3.034725835405286176e+00 3.034674629807274648e+00 3.026138512773035139e+00 1.827151399558301748e+00 -0.000000000000000000e+00 -0.000000000000000000e+00 -0.000000000000000000e+00 -0.000000000000000000e+00 -0.000000000000000000e+00
-1.509675852266753271e+00 -1.509675523298193767e+00 -1.509620614506606673e+00 -1.500465521539976477e+00 -3.915878532113195032e-01 -0.000000000000000000e+00 -0.000000000000000000e+00 -0.000000000000000000e+00 -0.000000000000000000e+00 -0.000000000000000000e+00
-1.413517844472931939e+00 -1.413517831950470205e+00 -1.413515742536672448e+00 -1.413168669660136434e+00 -1.381964194701462256e+00 -0.000000000000000000e+00 -0.000000000000000000e+00 -0.000000000000000000e+00 -0.000000000000000000e+00 -0.000000000000000000e+00
1.313852774216525798e+00 1.313852746855771247e+00 1.313848182645494633e+00 1.313087720126937086e+00 1.218396270292323669e+00 0.000000000000000000e+00 0.000000000000000000e+00 0.000000000000000000e+00 0.000000000000000000e+00 0.000000000000000000e+00
-4.117369401520108774e+00 -4.117369403304763864e+00 -4.117369699489975332e+00 -4.117414479500002500e+00 -4.135811746379681964e+00 -0.000000000000000000e+00 -0.000000000000000000e+00 -0.000000000000000000e+00 -0.000000000000000000e+00 -0.000000000000000000e+00
